110,100
111,124
111,123
111,122
110,99
111,121
110,98
110,97
111,120
111,119
111,118
110,96
110,95
111,117
110,94
111,116
111,115
110,93
86,21
86,18
17,10
111,114
137,39
137,38
111,113
111,112
86,31
20,15
20,13
111,111
20,17
111,110
137,37
111,109
86,30
111,108
110,92
111,107
140,13
111,11
111,10
111,9
111,7
111,6
111,5
111,4
111,3
111,2
111,0
110,91
110,90
110,88
110,87
110,86
110,85
110,84
110,83
110,82
110,81
110,80
110,78
110,74
110,64
110,39
110,38
110,37
110,36
110,35
110,34
110,33
110,32
110,31
110,30
110,29
110,28
110,27
110,26
110,25
110,24
110,23
110,22
110,21
110,20
110,19
110,18
110,17
110,16
110,15
110,14
110,13
110,12
110,11
110,9
110,8
110,7
110,6
110,5
110,4
110,3
110,2
110,0
109,6
109,5
109,4
109,3
109,2
100,6
100,5
100,4
100,3
100,2
87,5
87,4
87,3
86,29
86,28
86,27
86,20
86,19
86,15
86,14
86,11
86,10
86,9
86,8
86,7
86,6
86,5
86,4
86,3
86,2
86,0
82,3
81,5
81,3
74,7
74,6
74,5
74,4
74,3
74,2
67,4
67,3
66,4
66,3
65,5
65,4
65,3
64,5
64,4
64,3
63,9
63,8
63,7
63,6
63,5
63,4
63,3
63,2
63,0
62,4
62,3
61,4
61,3
60,3
59,3
58,3
55,3
53,3
52,3
51,4
51,3
50,7
50,6
50,3
50,2
49,4
49,3
48,5
48,3
45,3
44,5
44,3
43,3
43,2
42,4
42,3
41,4
41,3
35,4
35,3
33,4
33,3
30,3
27,4
27,3
27,2
24,4
24,3
24,2
22,5
22,3
20,16
20,12
20,11
20,9
20,8
20,6
20,5
20,4
20,3
20,2
20,0
18,4
18,3
17,9
17,8
17,7
17,6
17,5
17,4
17,3
16,5
16,4
16,3
16,2
15,4
15,3
14,3
8,6
8,5
8,4
8,3
7,2
7,1
7,0
6,6
6,5
6,4
6,3
6,2
6,1
6,0
5,17
5,16
5,15
5,14
5,13
5,12
5,10
5,9
5,11
5,8
5,6
7,3
5,3
5,2
5,1
5,0
4,3
4,2
4,1
4,0
3,2
2,2
1,2
0,55
0,54
0,52
0,9
0,2
111,13
111,15
111,17
111,18
111,20
111,21
111,23
111,25
111,26
111,28
111,29
111,31
111,33
111,34
111,64
111,65
111,68
111,69
111,71
111,79
111,80
111,82
111,83
111,85
111,98
111,99
111,101
111,102
111,104
111,105
112,3
114,2
114,3
114,5
118,3
120,3
121,3
122,3
127,3
128,3
130,2
130,3
133,3
133,6
134,3
134,6
134,7
135,3
135,6
135,7
136,3
136,5
136,7
137,0
137,2
137,4
137,5
137,7
137,8
137,10
137,12
137,13
137,15
137,16
137,19
137,21
137,22
137,24
137,25
137,27
137,28
137,30
137,32
137,33
137,35
137,36
140,0
140,3
140,4
140,6
140,7
140,9
140,10
140,12
141,3
141,4
17,0
137,18
17,2
141,2
140,11
140,8
140,5
140,2
138,3
137,34
137,31
137,29
137,26
137,23
137,20
137,17
137,14
137,11
137,9
137,6
137,3
136,8
136,6
135,8
135,5
134,8
134,5
133,4
130,4
129,3
126,3
120,4
118,4
114,4
113,3
111,106
111,103
111,100
111,86
111,84
111,81
111,76
111,70
111,66
111,35
111,32
111,30
111,27
111,24
111,22
111,19
111,16
0,57
1,45
3,44
2,44
1,44
3,43
2,43
1,43
3,42
2,42
1,42
3,41
2,41
1,41
3,40
2,40
1,40
3,39
2,39
1,39
3,38
2,38
1,38
3,37
2,37
1,37
3,36
2,36
1,36
3,35
2,35
1,35
3,34
2,34
1,34
3,33
2,33
1,33
3,32
2,32
1,32
3,31
2,31
1,31
3,30
2,30
1,30
3,29
2,29
1,29
3,28
2,28
1,28
3,27
2,27
1,27
3,26
2,26
1,26
3,25
2,25
1,25
3,24
2,24
1,24
3,23
2,23
1,23
3,22
2,22
1,22
3,21
2,21
1,21
3,20
2,20
1,20
3,19
2,19
1,19
3,18
2,18
1,18
3,17
2,17
1,17
3,16
2,16
1,16
3,15
2,15
1,15
3,14
2,14
1,14
3,13
2,13
1,13
3,12
2,12
1,12
3,11
2,11
1,11
3,10
2,10
1,10
3,9
2,9
1,9
3,8
2,8
1,8
3,7
2,7
1,7
3,6
2,6
1,6
3,5
2,5
1,5
3,4
2,4
1,4
3,3
3,0
2,3
2,0
1,3
1,0
0,6
0,0
0,47
0,46
0,49
0,48
0,45
0,12
0,50
0,10
0,8
0,53
0,11
0,5
0,7
0,4
0,3
